0.618
0.705
1.000
0.398
0.429
0.632
0.543
0.521
0.511
0.539
0.397
0.351
0.219
1.000
0.596
1.000
0.588
0.466
0.595
0.706
0.581
0.432
0.491
0.347
0.555
0.555
1.000
1.000
0.686
0.690
0.762
0.693
1.000
1.000
0.296
0.300
0.678
0.523
0.193
0.473
0.703
0.588
0.599
0.529
0.426
0.505
0.573
0.505
0.389
0.701
0.593
0.622
0.531
0.538
0.689
0.411
0.607
0.513
0.420
0.418
0.700
0.178
0.511
0.413
0.522
0.577
0.463
0.258
0.602
0.254
0.625
0.435
0.726
0.417
0.721
0.417
0.670
0.588
1.000
0.443
0.511
1.000
0.600
0.829
0.274
0.692
0.592
0.514
0.277
0.578
0.609
0.456
0.590
0.297
0.455
0.422
0.676
0.610
0.379
0.366
0.348
0.433
0.376
0.300
0.349
0.410
0.386
0.323
0.299
0.301
0.348
0.221
0.529
0.461
0.639
0.381
0.275
0.256
0.454
0.412
0.463
0.452
0.506
0.299
0.256
0.421
0.377
0.517
0.379
0.510
0.276
0.378
0.410
0.581
0.296
0.393
0.462
0.416
0.413
0.323
0.348
0.512
0.320
0.417
0.585
0.353
0.381
0.471
0.326
0.348
0.221
0.618
0.349
0.411
0.452
0.276
0.238
0.419
0.276
0.535
0.323
0.378
0.510
0.300
0.463
0.457
0.427
0.275
0.254
0.237
0.581
0.491
0.459
0.222
0.323
0.380
0.257
0.347
0.320
0.277
0.395
0.320
0.386
0.256
0.278
0.511
0.348
0.382
0.298
0.414
0.351
0.376
0.413
0.417
0.454
0.454
0.276
0.099
0.255
0.276
0.227
0.298
