0.585
0.775
0.276
0.347
0.727
1.000
0.845
0.211
1.000
0.000
0.240
0.000
1.000
0.347
0.193
0.274
0.348
0.321
0.452
0.703
0.683
0.714
0.451
0.256
0.000
0.805
0.000
0.413
0.000
0.256
0.257
0.239
0.299
0.000
0.323
0.376
0.685
1.000
0.277
0.296
0.320
1.000
0.700
0.256
1.000
0.452
0.000
1.000
0.296
0.427
1.000
0.255
0.463
0.205
1.000
0.452
0.456
0.411
0.411
0.300
0.355
1.000
0.690
0.257
1.000
0.477
0.411
0.000
1.000
0.000
0.454
1.000
0.324
0.452
0.589
0.411
0.000
0.000
1.000
0.204
0.167
0.762
0.378
1.000
0.678
0.461
0.143
0.220
0.000
0.000
0.762
0.620
0.241
0.320
0.410
0.000
0.000
0.325
0.411
0.320
0.276
0.193
0.255
0.375
0.255
0.775
0.320
0.000
0.454
0.286
0.099
0.000
0.238
0.456
0.377
0.377
1.000
0.000
1.000
0.276
0.463
0.523
0.000
0.000
0.457
0.377
0.454
