0.357
0.705
0.705
1.000
0.584
0.504
0.350
0.398
0.429
0.281
0.299
0.539
0.397
0.351
0.423
0.380
0.382
0.414
0.417
0.386
0.413
0.575
0.385
1.000
1.000
0.466
0.298
0.276
0.350
0.278
0.382
0.555
0.555
0.276
0.470
0.427
1.000
1.000
0.686
0.762
1.000
0.300
0.678
0.766
0.805
0.167
0.348
0.320
0.463
0.320
0.452
0.454
0.411
0.347
0.703
0.832
0.625
0.529
0.385
0.597
0.276
0.326
0.588
0.599
0.529
0.426
0.505
0.573
0.505
0.345
0.622
0.516
0.346
0.382
0.413
0.424
0.607
0.491
0.513
0.420
0.483
0.433
0.395
0.440
0.700
0.178
0.278
0.298
0.319
0.276
0.529
0.815
0.255
0.461
0.378
0.459
0.275
0.427
0.323
0.238
0.297
0.680
0.379
0.254
0.419
0.348
0.414
0.299
0.413
0.299
0.380
0.452
0.460
0.383
0.463
0.300
0.275
0.351
0.296
0.376
0.258
0.585
0.254
0.275
0.278
0.625
0.639
0.323
0.256
0.462
0.535
0.435
0.301
0.222
0.349
0.415
0.514
0.277
0.220
0.256
0.726
0.386
0.380
0.417
0.721
0.417
0.300
0.325
0.670
0.506
0.378
0.588
0.275
1.000
0.299
0.328
0.381
0.420
0.276
0.238
0.600
0.328
0.353
0.348
0.829
0.207
0.382
0.298
0.585
0.320
0.347
0.692
0.592
0.514
0.277
0.381
0.320
0.421
0.381
0.586
0.578
0.463
0.420
0.506
0.609
0.456
0.220
0.297
0.347
0.472
0.276
0.277
0.416
0.421
0.300
0.275
0.276
0.618
0.348
0.415
0.325
0.321
0.517
0.417
0.512
0.422
0.237
0.379
0.412
0.454
0.325
0.299
