0.625
0.717
0.624
0.599
0.323
0.687
0.613
0.708
1.000
1.000
0.710
0.609
0.753
1.000
1.000
0.600
0.166
0.503
1.000
0.595
0.577
0.475
1.000
0.414
1.000
0.526
0.322
0.378
0.813
0.319
1.000
0.697
0.734
0.797
1.000
0.452
0.348
0.727
0.623
0.550
0.315
0.612
0.511
0.471
0.415
0.456
0.457
0.504
0.593
1.000
0.523
0.457
0.596
0.737
0.601
0.466
0.459
0.628
0.522
1.000
0.354
0.420
0.707
0.377
0.238
0.656
0.415
0.377
0.457
0.754
0.461
0.508
0.349
0.350
0.152
0.730
0.601
1.000
0.453
1.000
0.509
0.515
0.457
0.465
0.422
0.618
0.609
1.000
0.514
0.720
0.384
0.584
0.779
0.618
0.784
0.692
0.737
0.623
0.563
0.703
0.382
0.392
0.608
0.453
0.454
0.524
0.416
0.578
0.543
0.418
0.693
0.691
0.762
0.521
0.386
0.693
0.652
1.000
0.741
0.510
0.465
0.346
0.351
0.612
0.607
0.415
0.457
0.346
0.423
0.590
0.382
0.620
0.586
0.574
0.511
0.627
0.323
0.417
0.507
0.454
0.577
0.576
1.000
0.708
0.297
0.524
0.714
0.693
0.354
0.507
0.415
0.613
1.000
0.624
0.614
0.456
0.413
0.416
0.594
0.577
0.415
0.517
0.523
0.592
0.465
0.596
1.000
0.615
0.322
0.382
0.351
0.711
0.397
0.352
0.678
0.609
0.458
0.513
0.259
0.464
0.592
0.621
0.629
0.589
0.690
0.614
0.376
0.583
0.465
0.712
0.415
0.525
0.543
0.561
0.518
0.381
0.503
0.323
1.000
0.463
0.573
0.514
0.507
0.581
0.415
0.460
0.455
0.598
0.383
0.380
0.579
0.329
0.379
0.580
1.000
0.458
1.000
0.507
0.415
0.414
0.346
0.463
0.458
0.520
0.454
0.596
0.461
0.448
0.712
0.636
0.384
0.307
0.597
0.460
0.813
0.514
0.592
0.378
0.569
0.704
0.484
0.381
0.607
0.612
0.579
0.576
0.706
0.771
0.523
0.647
0.518
0.465
0.622
0.612
0.504
0.461
0.515
0.514
0.412
0.529
0.462
0.453
0.634
0.577
0.349
0.581
0.383
0.384
0.527
1.000
1.000
0.420
0.464
0.455
0.414
0.276
0.299
0.526
0.583
0.516
0.575
0.418
0.719
0.532
0.482
0.385
0.386
0.548
0.696
0.413
0.515
0.582
0.585
0.418
1.000
0.596
0.304
0.701
0.459
0.386
0.539
0.485
0.323
0.559
0.688
0.300
0.774
0.519
0.458
0.528
0.515
0.302
0.260
0.458
0.737
0.508
0.455
0.524
0.461
0.516
0.570
0.507
0.379
0.348
0.590
0.700
0.634
0.380
0.517
0.240
0.322
0.695
0.351
0.527
0.205
0.221
0.510
0.746
0.574
0.522
1.000
0.417
0.472
0.603
0.509
0.726
0.533
0.514
0.352
0.475
0.459
0.594
0.592
0.534
0.330
0.709
0.467
0.365
0.464
0.419
0.324
1.000
0.275
0.694
0.656
0.738
0.325
0.453
0.350
1.000
0.351
0.513
0.476
0.416
0.354
0.465
0.324
0.300
0.321
0.236
0.178
0.301
0.381
0.256
0.254
0.278
0.205
0.275
0.207
0.260
0.350
0.378
0.298
0.238
0.300
0.416
0.257
0.321
0.277
0.257
0.298
0.321
0.301
0.300
0.321
0.458
0.588
0.323
0.348
