0.609
0.705
1.000
0.398
0.429
0.539
0.397
0.351
1.000
1.000
0.466
0.555
0.555
1.000
1.000
0.686
0.762
1.000
0.300
0.678
0.703
0.588
0.599
0.529
0.426
0.505
0.573
0.505
0.622
0.607
0.513
0.420
0.700
0.178
0.463
0.258
0.254
0.625
0.435
0.726
0.417
0.721
0.417
0.670
0.588
1.000
0.600
0.829
0.692
0.592
0.514
0.277
0.578
0.609
0.456
0.297
0.422
0.379
0.348
0.433
0.376
0.300
0.349
0.386
0.323
0.299
0.301
0.348
0.529
0.461
0.639
0.381
0.275
0.256
0.412
0.463
0.452
0.506
0.299
0.421
0.517
0.379
0.276
0.462
0.416
0.413
0.323
0.348
0.512
0.320
0.417
0.585
0.353
0.381
0.326
0.348
0.618
0.411
0.452
0.276
0.238
0.419
0.276
0.535
0.378
0.300
0.463
0.427
0.275
0.254
0.491
0.459
0.222
0.380
0.347
0.320
0.277
0.395
0.320
0.386
0.256
0.278
0.382
0.298
0.414
0.413
0.417
0.454
0.276
